v 1 -73530767 41085396
v 1363 -73531567 41083296
v 1358 -73532967 41083196
v 1357 -73532967 41082396
v 1356 -73534167 41082596
v 1276 -73535367 41082596
v 1273 -73536967 41082496
v 1277 -73538367 41082396
v 1269 -73539467 41082096
v 1241 -73542067 41082396
v 1240 -73543183 41082224
v 1235 -73543567 41081596
v 1231 -73546168 41081896
v 1230 -73548068 41082396
v 941 -73548068 41083596
v 936 -73549768 41084196
v 935 -73550968 41084396
v 923 -73552068 41084296
v 930 -73552268 41083996
v 919 -73553047 41082300
v 927 -73553568 41082196
v 925 -73554160 41082960
v 924 -73554568 41083496
v 906 -73554568 41083796
v 901 -73555068 41084196
v 755 -73555968 41085096
v 677 -73558868 41088296
v 663 -73563368 41089996
v 660 -73570369 41092096
v 659 -73571425 41092496
v 366 -73573869 41094696
v 365 -73574669 41095996
v 364 -73574869 41096296
v 349 -73575269 41096596
v 347 -73580649 41098622
v 345 -73581166 41098813
v 342 -73581469 41099296
v 320 -73582169 41100596
v 343 -73585669 41100696
v 297 -73588669 41100696
v 294 -73591970 41100896
v 295 -73599370 41099296
v 196 -73603470 41097296
v 197 -73605008 41100009
v 194 -73606870 41103296
v 195 -73607370 41102796
v 199 -73608338 41097778
